$ANSIBLE_VAULT;1.1;AES256
37653665653736656530363363663762393439366439393838306536643566396231383834646238
6262626632313262323736626361633162663439333235380a333161633539623837336531613662
31336665366635623435656162333063306137376463346432643235313638656535663530666230
6531343831626462620a643930393263643461623565306136386564663962363765386235653530
36366132636439333466396338313932306438643263393263653735616239346232656131616638
36656263623636346361636366353233636131313536616138623139626631336463316166336131
32626439626638386636346463396630623061353034333562386635633435333665623430323863
64343939363131376465306530623930366330316439393861356130393932653661346633333439
37353263306434323030326537326461393164633533343963666634353065383361366462393866
61353462616132333736313833613531643963303064663536316161346265346536643631333361
38326534633063363061623464383831626465323330383039666364653233626334326637316131
62333931343132393965366131376130333266666235343362303439363463626336343964343030
3233
